[09:31:49.285] 1 3
[09:32:17.531] 1 2
[09:37:47.892] 1 5
[09:38:28.673] 1 1
[09:39:25.079] 1 4
[09:55:00.000] 2 1 10:00:00.000
[09:56:30.000] 2 2 10:01:30.000
[09:58:00.000] 2 3 10:03:00.000
[09:59:30.000] 2 4 10:04:30.000
[09:59:45.000] 3 1
[10:00:01.744] 4 1
[10:01:00.000] 2 5 10:06:00.000
[10:01:09.000] 3 2
[10:01:31.503] 4 2
[10:02:36.000] 3 3
[10:03:00.887] 4 3
[10:04:08.000] 3 4
[10:04:31.278] 4 4
[10:05:42.000] 3 5
[10:06:00.331] 4 5
[10:08:49.289] 5 1 1
[10:08:50.884] 6 1 1
[10:08:51.400] 6 1 2
[10:08:52.797] 6 1 5
[10:08:55.658] 7 1
[10:09:03.232] 8 1
[10:10:22.273] 5 2 1
[10:10:23.804] 6 2 1
[10:10:25.036] 6 2 3
[10:10:25.449] 6 2 4
[10:10:26.002] 6 2 5
[10:10:29.125] 7 2
[10:10:38.142] 8 2
[10:10:43.232] 9 1
[10:11:28.142] 9 2
[10:11:54.557] 5 3 1
[10:11:56.076] 6 3 1
[10:11:56.760] 6 3 2
[10:11:57.217] 6 3 3
[10:11:57.659] 6 3 4
[10:11:58.179] 6 3 5
[10:12:01.341] 7 3
[10:12:35.380] 10 1
[10:13:27.246] 5 4 1
[10:13:29.773] 6 4 3
[10:13:30.443] 6 4 4
[10:13:30.836] 6 4 5
[10:13:33.970] 7 4
[10:13:43.912] 8 4
[10:14:09.746] 10 2
[10:15:20.988] 5 5 1
[10:15:22.758] 6 5 1
[10:15:23.083] 6 5 2
[10:15:23.682] 6 5 3
[10:15:23.912] 9 4
[10:15:27.197] 7 5
[10:15:31.757] 8 5
[10:15:43.273] 10 3
[10:17:11.757] 9 5
[10:17:16.947] 10 4
[10:19:21.270] 10 5
[10:21:34.847] 5 1 2
[10:21:36.495] 6 1 1
[10:21:36.920] 6 1 2
[10:21:37.626] 6 1 3
[10:21:38.628] 6 1 5
[10:21:41.449] 7 1
[10:21:50.476] 8 1
[10:22:40.476] 9 1
[10:23:00.773] 5 2 2
[10:23:02.498] 6 2 1
[10:23:02.841] 6 2 2
[10:23:03.453] 6 2 3
[10:23:04.051] 6 2 4
[10:23:07.554] 7 2
[10:23:10.987] 8 2
[10:24:00.987] 9 2
[10:24:43.323] 5 3 2
[10:24:44.954] 6 3 1
[10:24:45.508] 6 3 2
[10:24:45.923] 6 3 3
[10:24:46.559] 6 3 4
[10:24:46.958] 6 3 5
[10:24:49.905] 7 3
[10:25:26.047] 10 1
[10:26:36.573] 5 4 2
[10:26:38.368] 6 4 1
[10:26:38.786] 6 4 2
[10:26:39.113] 6 4 3
[10:26:39.629] 6 4 4
[10:26:40.238] 6 4 5
[10:26:43.208] 7 4
[10:26:48.356] 10 2
[10:28:28.112] 5 5 2
[10:28:29.629] 6 5 1
[10:28:30.408] 6 5 2
[10:28:30.769] 6 5 3
[10:28:31.882] 6 5 5
[10:28:34.274] 7 5
[10:28:34.773] 10 3
[10:28:38.151] 8 5
[10:29:28.151] 9 5
[10:30:36.413] 10 4
[10:32:22.472] 10 5
